101
16
19
24
45
4
13
80
2
90
80
32
14
13
13
113
8
3
11
14
8
7
137
25
1
46
12
90
27
80
7
25
16
9
2
29
7
0
1
11
6
33
4
11
12
4
4
19
18
4
0
3
5
23
39
4
10
8
137
12
4
70
7
0
0
23
1
27
13
3
3
21
6
6
8
0
9
6
5
27
11
24
40
5
16
27
78
1
0
178
15
9
1
8
6
15
4
112
37
12
112
17
16
73
7
165
0
35
42
1
3
37
7
0
100
177
14
36
7
6
1
8
14
90
68
93
29
88
9
4
93
3
7
6
19
6
3
2
3
592
7
12
14
23
11
0
6
14
7
95
7
5
28
21
2
9
11
2
9
0
27
8
7
23
322
2
4
32
20
200
115
17
311
23
13
57
12
47
16
16
10
2
3
147
5
10
1
2
23
20
35
96
11
122
13
213
14
8
54
27
6
10
21
10
50
9
5
3
38
24
7
109
11
8
0
0
70
1
2
7
37
45
33
140
28
4
28
52
32
116
5
11
25
0
116
27
27
17
30
19
10
2
55
1
4
2
7
17
9
141
8
1
40
11
27
122
1
0
115
1
41
1
41
97
140
24
2
2
3
115
12
3
24
196
3
6
8
0
64
51
19
4
11
26
16
6
59
17
18
3
7
104
8
8
114
2
5
15
5
17
134
11
16
7
28
3
7
8
16
12
42
44
4
0
11
3
48
7
3
9
6
0
61
2
44
44
12
11
15
4
5
20
22
13
10
9
4
11
7
3
12
25
16
23
11
8
27
14
9
9
10
35
9
19
48
8
17
18
24
8
29
16
15
20
18
17
25
13
29
12
28
27
14
17
25
19
12
24
8
18
7
29
23
10
19
29
17
22
21
8
101
16
19
24
45
4
13
80
2
90
80
32
14
13
13
113
8
3
11
14
8
7
137
25
1
46
12
90
27
80
7
25
16
9
2
29
7
0
1
11
6
33
4
11
12
4
4
19
18
4
0
3
5
23
39
4
10
8
137
12
4
70
7
0
0
23
1
27
13
3
3
21
6
6
8
0
9
6
5
27
11
24
40
5
16
27
78
1
0
178
15
9
1
8
6
15
4
112
37
12
112
17
16
73
7
165
0
35
42
1
3
37
7
0
100
177
14
36
7
6
1
8
14
90
68
93
29
88
9
4
93
3
7
6
19
6
3
2
3
592
7
12
14
23
11
0
6
14
7
95
7
5
28
21
2
9
11
2
9
0
27
8
7
23
322
2
4
32
20
200
115
17
311
23
13
57
12
47
16
16
10
2
3
147
5
10
1
2
23
20
35
96
11
122
13
213
14
8
54
27
6
10
21
10
50
9
5
3
38
24
7
109
11
8
0
0
70
1
2
7
37
45
33
140
28
4
28
52
32
116
5
11
25
0
116
27
27
17
30
19
10
2
55
1
4
2
7
17
9
141
8
1
40
11
27
122
1
0
115
1
41
1
41
97
140
24
2
2
3
115
12
3
24
196
3
6
8
0
64
51
19
4
11
26
16
6
59
17
18
3
7
104
8
8
114
2
5
15
5
17
134
11
16
7
28
3
7
8
16
12
42
44
4
0
11
3
48
7
3
9
6
0
61
2
44
44
12
11
15
4
5
20
22
13
10
9
4
11
7
3
12
25
16
23
11
8
27
14
9
9
10
35
9
19
48
8
17
18
24
8
29
16
15
20
18
17
25
13
29
12
28
27
14
17
25
19
12
24
8
18
7
29
23
10
19
29
17
22
21
8
138
17
27
65
63
9
23
120
7
127
120
47
16
20
23
163
10
9
15
23
10
11
167
29
5
56
16
121
36
97
13
28
25
9
2
37
14
0
5
14
12
40
7
14
13
8
8
29
30
4
0
5
12
33
61
8
10
14
195
13
9
115
9
0
0
40
1
32
20
4
4
28
13
8
13
1
13
8
7
42
26
30
62
9
18
39
108
1
0
329
23
11
2
11
13
20
5
150
55
16
150
23
27
95
11
235
1
38
55
6
5
52
14
0
132
241
16
49
13
11
4
21
17
116
86
136
42
109
16
5
121
4
14
7
39
8
6
5
9
742
12
19
21
44
19
2
8
17
19
126
13
9
33
22
4
15
30
7
10
1
40
9
16
33
407
3
5
47
28
292
154
21
435
31
16
79
12
58
19
30
16
6
8
211
6
14
1
5
38
25
45
137
12
159
15
271
26
11
63
109
45
8
19
25
16
59
9
7
4
67
31
11
152
13
15
3
2
99
2
4
11
44
87
44
181
38
6
38
72
46
165
7
13
33
3
161
31
28
30
34
34
14
4
72
1
7
7
12
26
14
176
13
1
89
15
37
168
4
2
149
2
60
4
47
132
181
35
8
5
3
149
20
3
46
269
8
10
16
3
92
86
31
8
13
35
30
8
76
20
30
3
12
124
15
14
145
2
7
22
6
28
203
24
21
35
9
11
40
4
13
13
16
16
47
62
4
1
15
3
52
19
6
14
9
1
68
3
59
50
27
28
22
9
45
9
33
45
17
13
11
5
15
11
8
16
32
27
39
13
14
39
21
15
12
14
41
14
19
68
10
32
20
40
13
37
28
15
26
28
25
36
15
38
20
40
36
22
27
28
44
19
31
16
30
11
39
27
13
27
36
24
33
27
11
54
